100
35 96
35 78
96 10
78 45
78 23
96 29
78 92
29 1
78 74
23 59
1 21
23 17
21 20
23 68
78 33
10 88
17 63
29 82
88 48
82 18
23 85
21 14
68 52
23 46
92 32
48 53
17 51
82 57
21 30
1 9
53 70
20 65
17 22
74 75
85 100
85 71
17 60
60 38
29 97
1 34
68 94
52 58
68 27
85 2
97 83
78 12
68 24
60 5
45 50
27 11
71 90
68 37
75 15
97 4
37 81
48 28
18 76
30 39
92 6
12 91
1 93
33 49
49 25
34 55
55 80
49 89
68 19
11 95
32 31
58 77
59 44
93 13
17 67
4 99
93 86
19 56
96 36
18 42
9 47
100 87
19 64
32 61
93 79
29 8
9 66
1 3
81 98
32 73
64 16
83 41
48 62
31 69
23 84
21 40
84 54
21 72
8 43
67 26
6 7